|DATE_YYYYMM         |SUM_DOSES                                 |SMOOTH_SUM                                |SMOOTH_AVG                                |
|--------------------|------------------------------------------|------------------------------------------|------------------------------------------|
|200601              |29572440.0                                |56772176.0                                |28386088.0                                |
|200602              |27199736.0                                |88865370.0                                |29621790.0                                |
|200603              |32093194.0                                |88525870.0                                |29508623.33                               |
|200604              |29232940.0                                |88670791.0                                |29556930.33                               |
|200605              |27344657.0                                |90301201.0                                |30100400.33                               |
|200606              |33723604.0                                |92972660.0                                |30990886.67                               |
|200607              |31904399.0                                |99404857.0                                |33134952.33                               |
|200608              |33776854.0                                |97134088.0                                |32378029.33                               |
|200609              |31452835.0                                |98522994.0                                |32840998.0                                |
|200610              |33293305.0                                |92549509.0                                |30849836.33                               |
|200611              |27803369.0                                |93620129.0                                |31206709.67                               |
|200612              |32523455.0                                |95038992.0                                |31679664.0                                |
|200701              |34712168.0                                |98884267.0                                |32961422.33                               |
|200702              |31648644.0                                |103444376.0                               |34481458.67                               |
|200703              |37083564.0                                |101382054.0                               |33794018.0                                |
|200704              |32649846.0                                |105515536.0                               |35171845.33                               |
|200705              |35782126.0                                |102926770.0                               |34308923.33                               |
|200706              |34494798.0                                |106033294.0                               |35344431.33                               |
|200707              |35756370.0                                |106966462.0                               |35655487.33                               |
|200708              |36715294.0                                |105475086.0                               |35158362.0                                |
|200709              |33003422.0                                |107324144.0                               |35774714.67                               |
|200710              |37605428.0                                |105834634.0                               |35278211.33                               |
|200711              |35225784.0                                |109617745.0                               |36539248.33                               |
|200712              |36786533.0                                |109732394.0                               |36577464.67                               |
|200801              |37720077.0                                |109654894.0                               |36551631.33                               |
|200802              |35148284.0                                |110088873.0                               |36696291.0                                |
|200803              |37220512.0                                |109420347.0                               |36473449.0                                |
|200804              |37051551.0                                |111805696.0                               |37268565.33                               |
|200805              |37533633.0                                |111639131.0                               |37213043.67                               |
|200806              |37053947.0                                |114568870.0                               |38189623.33                               |
|200807              |39981290.0                                |114355395.0                               |38118465.0                                |
|200808              |37320158.0                                |115852218.0                               |38617406.0                                |
|200809              |38550770.0                                |116495535.0                               |38831845.0                                |
|200810              |40624607.0                                |114940931.0                               |38313643.67                               |
|200811              |35765554.0                                |119436380.0                               |39812126.67                               |
|200812              |43046219.0                                |117079511.0                               |39026503.67                               |
|200901              |38267738.0                                |118311394.0                               |39437131.33                               |
|200902              |36997437.0                                |116931768.0                               |38977256.0                                |
|200903              |41666593.0                                |119188384.0                               |39729461.33                               |
|200904              |40524354.0                                |122185322.0                               |40728440.67                               |
|200905              |39994375.0                                |123093667.0                               |41031222.33                               |
|200906              |42574938.0                                |125009147.5                               |41669715.83                               |
|200907              |42439834.5                                |124205574.5                               |41401858.17                               |
|200908              |39190802.0                                |123146195.5                               |41048731.83                               |
|200909              |41515559.0                                |123314449.0                               |41104816.33                               |
|200910              |42608088.0                                |124346362.0                               |41448787.33                               |
|200911              |40222715.0                                |128191231.0                               |42730410.33                               |
|200912              |45360428.0                                |124563541.0                               |41521180.33                               |
|201001              |38980398.0                                |122193306.0                               |40731102.0                                |
|201002              |37852480.0                                |122158680.0                               |40719560.0                                |
|201003              |45325802.0                                |125617782.0                               |41872594.0                                |
|201004              |42439500.0                                |129247912.0                               |43082637.33                               |
|201005              |41482610.0                                |128800619.0                               |42933539.67                               |
|201006              |44878509.0                                |129947079.0                               |43315693.0                                |
|201007              |43585960.0                                |132716723.0                               |44238907.67                               |
|201008              |44252254.0                                |131956950.0                               |43985650.0                                |
|201009              |44118736.0                                |131926080.0                               |43975360.0                                |
|201010              |43555090.0                                |133863667.0                               |44621222.33                               |
|201011              |46189841.0                                |136694612.0                               |45564870.67                               |
|201012              |46949681.0                                |137840394.0                               |45946798.0                                |
|201101              |44700872.0                                |133709477.8                               |44569825.93                               |
|201102              |42058924.8                                |136052926.8                               |45350975.6                                |
|201103              |49293130.0                                |135024968.8                               |45008322.93                               |
|201104              |43672914.0                                |139080334.0                               |46360111.33                               |
|201105              |46114290.0                                |138161914.0                               |46053971.33                               |
|201106              |48374710.0                                |138490310.0                               |46163436.67                               |
|201107              |44001310.0                                |140679240.0                               |46893080.0                                |
|201108              |48303220.0                                |139089525.0                               |46363175.0                                |
|201109              |46784995.0                                |140755275.0                               |46918425.0                                |
|201110              |45667060.0                                |138052275.0                               |46017425.0                                |
|201111              |45600220.0                                |138010710.0                               |46003570.0                                |
|201112              |46743430.0                                |137260859.0                               |45753619.67                               |
|201201              |44917209.0                                |135091417.0                               |45030472.33                               |
|201202              |43430778.0                                |133858432.0                               |44619477.33                               |
|201203              |45510445.0                                |131548143.0                               |43849381.0                                |
|201204              |42606920.0                                |134699953.0                               |44899984.33                               |
|201205              |46582588.0                                |133239597.0                               |44413199.0                                |
|201206              |44050089.0                                |134776497.0                               |44925499.0                                |
|201207              |44143820.0                                |134251749.0                               |44750583.0                                |
|201208              |46057840.0                                |131161685.0                               |43720561.67                               |
|201209              |40960025.0                                |131316370.0                               |43772123.33                               |
|201210              |44298505.0                                |128607160.0                               |42869053.33                               |
|201211              |43348630.0                                |129354915.0                               |43118305.0                                |
|201212              |41707780.0                                |129160245.0                               |43053415.0                                |
|201301              |44103835.0                                |124097235.0                               |41365745.0                                |
|201302              |38285620.0                                |122047539.0                               |40682513.0                                |
|201303              |39658084.0                                |120266586.0                               |40088862.0                                |
|201304              |42322882.0                                |125216688.0                               |41738896.0                                |
|201305              |43235722.0                                |124704668.0                               |41568222.67                               |
|201306              |39146064.0                                |125507975.0                               |41835991.67                               |
|201307              |43126189.0                                |123892140.0                               |41297380.0                                |
|201308              |41619887.0                                |121412096.0                               |40470698.67                               |
|201309              |36666020.0                                |119734307.0                               |39911435.67                               |
|201310              |41448400.0                                |114081610.0                               |38027203.33                               |
|201311              |35967190.0                                |115834308.0                               |38611436.0                                |
|201312              |38418718.0                                |112276704.0                               |37425568.0                                |
|201401              |37890796.0                                |109696767.0                               |36565589.0                                |
|201402              |33387253.0                                |108561879.0                               |36187293.0                                |
|201403              |37283830.0                                |107627788.0                               |35875929.33                               |
|201404              |36956705.0                                |111647510.0                               |37215836.67                               |
|201405              |37406975.0                                |111530122.0                               |37176707.33                               |
|201406              |37166442.0                                |115878827.0                               |38626275.67                               |
|201407              |41305410.0                                |117727957.0                               |39242652.33                               |
|201408              |39256105.0                                |120293865.0                               |40097955.0                                |
|201409              |39732350.0                                |120550535.0                               |40183511.67                               |
|201410              |41562080.0                                |116782160.0                               |38927386.67                               |
|201411              |35487730.0                                |119265660.0                               |39755220.0                                |
|201412              |42215850.0                                |77703580.0                                |38851790.0                                |
